Chr Gene nSNPs nSims Start Stop Test Pvalue TopSNP TopSNP-pvalue
10 ATE1 2 1e+06 123499935 123688316 88.5813194796864 9.99999000001e-07 rs111605422 9.00000000000489e-13
10 FGFR2 3 1e+06 123237843 123357972 1541.44093316811 9.99999000001e-07 rs2981578 1.00000000000128e-245
10 TCF7L2 3 1e+06 114710008 114927436 142.229164901044 9.99999000001e-07 rs10885405 5.00000000165938e-14
10 ZMIZ1 2 1e+06 80828791 81076285 311.781566123938 9.99999000001e-07 rs1268974 4.00000000000032e-36
11 LSP1 2 1e+06 1874199 1913493 242.882052189056 9.99999000001e-07 rs1973765 1.00000000000022e-37
14 PAX9 2 1e+06 37126772 37147011 179.319676920804 9.99999000001e-07 rs7149262 2.00000000000002e-21
14 RAD51B 4 1e+06 68286495 69062738 468.862497817334 9.99999000001e-07 rs11624333 6.99999999999886e-42
16 CDYL2 2 1e+06 80637675 80838175 231.075933544102 9.99999000001e-07 rs7500067 3.99999999999988e-27
16 FTO 3 1e+06 53737874 54148379 220.678360947482 9.99999000001e-07 rs62048402 4.00000000000007e-23
18 CHST9 2 1e+06 24495594 24765302 110.740216283984 9.99999000001e-07 rs1436904 1.00000000346628e-14
18 SETBP1 2 1e+06 42260137 42648475 102.692187844507 9.99999000001e-07 rs9954058 3.0000000000059e-13
1 ESRRG 2 1e+06 216676587 217311097 56.4402892373692 9.99999000001e-07 rs11117758 4.00000000000001e-09
1 HIVEP3 3 1e+06 41972035 42501596 75.1260003084615 9.99999000001e-07 rs79724016 4.00000000000001e-08
1 NBPF10 2 1e+06 145293370 146466121 71.1626869919025 9.99999000001e-07 rs12405132 5.99999999999993e-10
1 NBPF20 2 1e+06 144146810 146467744 71.1626869919025 9.99999000001e-07 rs12405132 5.99999999999993e-10
1 PEX14 2 1e+06 10535002 10690815 169.770174723237 9.99999000001e-07 rs2506889 1.99999999999997e-20
22 MKL1 2 1e+06 40806284 41032723 299.432134604715 9.99999000001e-07 rs6001982 1.00000000000015e-34
22 PLA2G6 2 1e+06 38507501 38577836 110.734049630263 9.99999000001e-07 rs4820318 1.00000000015396e-13
22 TTC28 3 1e+06 28374001 29075853 378.20161209325 9.99999000001e-07 rs62237573 6.99999999999892e-36
23 DMD 2 1e+06 31137344 33357726 39.4254532379318 9.99999000001e-07 rs1293906 9.00000000000009e-06
2 ANTXR1 2 1e+06 69240275 69476459 56.9519643616333 9.99999000001e-07 rs12474538 8.99999999999986e-08
2 DIRC3 2 1e+06 218148745 218621316 220.932430549094 9.99999000001e-07 rs11693806 3.00000000000032e-26
3 ATXN7 2 1e+06 63850232 63989136 91.8658319035842 9.99999000001e-07 rs3821902 3.00000000000008e-12
3 CMSS1 2 1e+06 99536677 99897476 76.0021547542511 9.99999000001e-07 rs9833888 4.99999999999996e-10
3 FILIP1L 2 1e+06 99551987 99833357 76.0021547542511 9.99999000001e-07 rs9833888 4.99999999999996e-10
3 ITPR1 2 1e+06 4535031 4889524 153.588690675748 9.99999000001e-07 rs6787391 8.99999999999996e-19
3 SLC4A7 2 1e+06 27414211 27525911 452.561149825388 9.99999000001e-07 rs4973768 5.00000000000031e-57
3 TGFBR2 2 1e+06 30647993 30735633 114.600316025865 9.99999000001e-07 rs17838698 2.00000000002861e-14
4 TET2 3 1e+06 106067031 106200960 127.260807033205 9.99999000001e-07 rs62331150 2.00000000000005e-11
5 ATG10 2 1e+06 81267843 81551216 96.813539976258 9.99999000001e-07 rs7707921 2.00000000000005e-12
5 EBF1 3 1e+06 158122922 158526788 348.923085420594 9.99999000001e-07 rs11135046 4.99999999999916e-31
5 HCN1 3 1e+06 45255051 45696220 162.340953794567 9.99999000001e-07 rs55821517 5.00000000000004e-19
5 PDE4D 2 1e+06 58264865 59783925 60.3180641051019 9.99999000001e-07 rs1353747 4.00000000000001e-09
6 CDKAL1 3 1e+06 20534687 21232634 86.197782328 9.99999000001e-07 rs2223621 3.00000000000005e-10
6 ESR1 2 1e+06 152011630 152424408 135.024668492587 9.99999000001e-07 rs6904031 6.99999999999858e-26
7 CUX1 2 1e+06 101459183 101927250 70.2820276891597 9.99999000001e-07 rs71559437 5.00000000000014e-12
7 LINC-PINT_2 2 1e+06 130626518 130794675 97.1756941663583 9.99999000001e-07 rs68056147 5.00000000000046e-13
8 CASC21 2 1e+06 128256881 128404876 542.333217001364 9.99999000001e-07 rs10096351 1.99999999999967e-64
8 CASC8 2 1e+06 128301920 128494384 542.333217001364 9.99999000001e-07 rs10096351 1.99999999999967e-64
9 ASTN2 2 1e+06 119187503 120177317 106.661823689804 9.99999000001e-07 rs1895062 1.00000000346628e-14
9 CDKN2B-AS1 2 1e+06 21994789 22121093 118.435267680652 9.99999000001e-07 rs1011970 1.00000000000003e-15
10 JMJD1C 2 1e+06 64926980 65225761 52.4994183239548 1.999998000002e-06 rs35632171 2.99999999999994e-07