Chr Gene nSNPs nSims Start Stop Test Pvalue TopSNP TopSNP-pvalue
10 GPAM 13 1e+06 113909621 113943537 351.441866088627 9.99999000001e-07 rs2487294 2.44000000000001e-09
11 BUD13 10 1e+06 116618885 116643714 403.632189572314 9.99999000001e-07 rs6589565 5.37100000000015e-16
11 FADS1 8 1e+06 61567096 61584529 619.70078940471 9.99999000001e-07 rs174549 5.27000000000012e-20
11 FADS2 25 1e+06 61583674 61634826 966.742737289544 9.99999000001e-07 rs174583 1.17099999999998e-18
11 FADS3 2 1e+06 61640994 61659017 84.2777039064039 9.99999000001e-07 rs174450 8.26100000000023e-12
11 MYRF 7 1e+06 61520120 61555989 477.021669297071 9.99999000001e-07 rs174536 8.05899999999997e-21
11 ST3GAL4 13 1e+06 126225539 126284536 622.974613302603 9.99999000001e-07 rs10893499 5.51000000000005e-15
11 ST3GAL4-AS1 2 1e+06 126211611 126225482 72.832684766779 9.99999000001e-07 rs17135399 4.20400000000007e-11
11 TMEM258 2 1e+06 61556601 61560085 157.39581819036 9.99999000001e-07 rs174538 9.617e-20
11 ZPR1 7 1e+06 116649275 116658739 275.028451073818 9.99999000001e-07 rs2075290 2.32099999999998e-16
12 ATXN2 4 1e+06 111890017 112037480 106.920987726046 9.99999000001e-07 rs10774625 1.78099999999997e-09
12 C12orf43 3 1e+06 121440224 121454305 131.017051304677 9.99999000001e-07 rs1169312 5.338e-12
12 HNF1A 17 1e+06 121416548 121440314 736.967037016909 9.99999000001e-07 rs2244608 3.60599999999994e-15
12 OASL 3 1e+06 121458094 121477045 110.409252795199 9.99999000001e-07 rs3213545 2.50099999999997e-11
12 PTPN11 2 1e+06 112856535 112947717 64.4664621428203 9.99999000001e-07 rs11066301 1.22999999999998e-08
14 NYNRIN 3 1e+06 24867991 24888494 101.445967486772 9.99999000001e-07 rs8017377 4.84999999999991e-11
16 CETP 7 1e+06 56995834 57017756 226.082975599503 9.99999000001e-07 rs1532624 1.06000000000002e-10
16 DHODH 8 1e+06 72042642 72059316 190.893311072644 9.99999000001e-07 rs2287998 9.97599999999983e-09
16 PKD1L3 8 1e+06 71963440 72033877 328.147289387372 9.99999000001e-07 rs8055242 1.20100000000029e-12
17 EFCAB13 5 1e+06 45401326 45518677 129.511858968659 9.99999000001e-07 rs6504872 7.68000000000007e-09
19 APOC4 2 1e+06 45445494 45448753 365.15209056586 9.99999000001e-07 rs12721109 1.08300000000005e-72
19 APOC4-APOC2 2 1e+06 45445494 45452822 365.15209056586 9.99999000001e-07 rs12721109 1.08300000000005e-72
19 C19orf38 2 1e+06 10959105 10980360 114.284751294031 9.99999000001e-07 rs11878377 4.83900000000007e-18
19 CARM1 11 1e+06 10982252 11033448 729.436171578792 9.99999000001e-07 rs2288842 1.35500000000004e-19
19 CBLC 2 1e+06 45281125 45303903 262.475265130457 9.99999000001e-07 rs3208856 8.00099999999912e-55
19 CEACAM19 2 1e+06 45174723 45187627 144.717580734408 9.99999000001e-07 rs2965157 1.56199999999985e-26
19 CEACAM20 3 1e+06 45010210 45033548 92.2108402450646 9.99999000001e-07 rs17800760 1.74400000000001e-08
19 DNM2 10 1e+06 10828728 10942586 847.903211491886 9.99999000001e-07 rs2287029 3.71800000000027e-28
19 GATAD2A 4 1e+06 19496641 19619741 218.467408600403 9.99999000001e-07 rs3794991 8.3049999999998e-18
19 IGSF23 6 1e+06 45116939 45140081 333.461188110347 9.99999000001e-07 rs2165537 7.92900000000002e-20
19 LDLR 22 1e+06 11200037 11244505 2392.95659588151 9.99999000001e-07 rs6511720 4.28000000000056e-117
19 NCAN 2 1e+06 19322781 19363061 115.119333433066 9.99999000001e-07 rs2228603 1.41800000000002e-16
19 PBX4 3 1e+06 19672515 19729725 188.796786607106 9.99999000001e-07 rs12610191 2.15700000000002e-17
19 PPP1R37 3 1e+06 45596430 45650543 169.389991513662 9.99999000001e-07 rs7251736 4.84499999999993e-15
19 PVR 8 1e+06 45147097 45169428 570.345741484051 9.99999000001e-07 rs6509170 2.89900000000001e-23
19 PVRL2 17 1e+06 45349392 45392485 2742.59563418351 9.99999000001e-07 rs6857 1.62e-110
19 SLC44A2 5 1e+06 10713120 10755235 181.71620139916 9.99999000001e-07 rs2043305 1.85600000000031e-12
19 SMARCA4 30 1e+06 11071597 11172958 2599.01069502124 9.99999000001e-07 rs3786722 1.26600000000022e-34
19 SUGP1 2 1e+06 19387321 19431321 154.126285249087 9.99999000001e-07 rs10401969 6.69300000000001e-22
19 TOMM40 3 1e+06 45394476 45406946 916.966676279605 9.99999000001e-07 rs2075650 3.76000000000078e-110
1 ATXN7L2 3 1e+06 110026560 110035420 112.910984940081 9.99999000001e-07 rs1144593 5.59700000000002e-11
1 CELSR2 16 1e+06 109792640 109818378 4748.78685876809 9.99999000001e-07 rs629301 9.69999999999968e-171
1 CYB561D1 2 1e+06 110036657 110043063 59.9836600285656 9.99999000001e-07 rs749056 2.66300000000005e-08
1 DOCK7 74 1e+06 62920396 63154039 4587.05466004341 9.99999000001e-07 rs3850634 2.6290000000001e-18
1 HLX-AS1 3 1e+06 221006104 221053482 68.5910970654249 9.99999000001e-07 rs11590084 9.67200000000015e-09
1 KIAA1324 5 1e+06 109656584 109749403 200.165195959449 9.99999000001e-07 rs1337247 1.42100000000002e-11
1 MARC1 12 1e+06 220960038 220987741 306.078842475568 9.99999000001e-07 rs867772 6.36699999999986e-10
1 MYBPHL 12 1e+06 109834986 109849663 654.541633119254 9.99999000001e-07 rs590502 2.96200000000016e-26
1 PCSK9 18 1e+06 55505148 55530526 735.211726117864 9.99999000001e-07 rs572512 4.80300000000003e-16
1 PSMA5 13 1e+06 109941652 109969108 526.136208218964 9.99999000001e-07 rs17586966 6.55399999999997e-15
1 SORT1 31 1e+06 109852187 109940563 1340.63168253501 9.99999000001e-07 rs4970843 9.76900000000001e-23
1 SYPL2 9 1e+06 110009099 110024764 310.414482562363 9.99999000001e-07 rs9661614 1.45200000000003e-10
1 TMEM57 5 1e+06 25757348 25826698 158.266735673465 9.99999000001e-07 rs11802413 2.40700000000005e-10
1 USP1 9 1e+06 62901974 62917475 596.208065827043 9.99999000001e-07 rs642845 2.63899999999996e-17
1 USP24 11 1e+06 55532031 55681039 558.55962924045 9.99999000001e-07 rs287227 2.06699999999996e-22
20 LOC101927117 4 1e+06 39726633 39766640 237.194635394184 9.99999000001e-07 rs6029552 7.55900000000005e-19
20 LPIN3 3 1e+06 39969559 39989222 110.775124919388 9.99999000001e-07 rs6029638 2.66299999999999e-12
20 PLCG1 7 1e+06 39766160 39804357 433.928229345246 9.99999000001e-07 rs6124323 2.19300000000004e-18
20 TOP1 15 1e+06 39657461 39753126 689.043140781316 9.99999000001e-07 rs2223745 3.44500000000004e-19
20 ZHX3 41 1e+06 39807088 39928739 2132.60111078196 9.99999000001e-07 rs6029609 3.35999999999997e-19
2 ABCG5 2 1e+06 44039610 44065958 100.216233570561 9.99999000001e-07 rs6756629 7.98500000000022e-17
2 ABCG8 14 1e+06 44066102 44105605 1711.56584587357 9.99999000001e-07 rs4299376 1.72899999999987e-47
2 APOB 28 1e+06 21224300 21266945 4298.87647715333 9.99999000001e-07 rs1367117 4.48000000000042e-114
2 C2orf43 3 1e+06 20883773 21022890 86.0133776687795 9.99999000001e-07 rs11679423 4.56799999999989e-10
5 ANKDD1B 40 1e+06 74907300 74967671 2360.30685502808 9.99999000001e-07 rs34341 3.10999999999961e-28
5 ANKRD31 79 1e+06 74364121 74532703 4374.03751040941 9.99999000001e-07 rs4704183 5.01200000000012e-21
5 COL4A3BP 38 1e+06 74666927 74807806 2518.38092211758 9.99999000001e-07 rs4704223 3.20900000000026e-36
5 HAVCR1 13 1e+06 156456530 156485970 368.916364056091 9.99999000001e-07 rs1553318 1.87599999999998e-19
5 HMGCR 8 1e+06 74632992 74657926 1023.73588502286 9.99999000001e-07 rs12654264 2.45399999999947e-44
5 POC5 20 1e+06 74970023 75013313 992.875669651683 9.99999000001e-07 rs6874626 2.23599999999999e-20
5 POLK 18 1e+06 74807656 74895646 1236.70847145922 9.99999000001e-07 rs5744672 7.19599999999995e-37
5 TIMD4 6 1e+06 156346292 156390266 360.504852656955 9.99999000001e-07 rs6878680 1.08700000000001e-18
6 LPA 20 1e+06 160952514 161087407 614.652100785225 9.99999000001e-07 rs10455872 1.35600000000001e-15
6 SLC22A1 3 1e+06 160542862 160579750 152.207129796683 9.99999000001e-07 rs1564348 1.70200000765088e-14
7 DDX56 6 1e+06 44605015 44614137 188.382286660883 9.99999000001e-07 rs217375 3.14800000000006e-09
7 DNAH11 8 1e+06 21582832 21941186 199.546202482162 9.99999000001e-07 rs12670798 6.87800000000001e-10
7 NPC1L1 2 1e+06 44552134 44580914 58.8965399945258 9.99999000001e-07 rs217406 4.92499999999989e-08
8 LOC157273 8 1e+06 9182560 9192590 310.398325838711 9.99999000001e-07 rs1461729 1.2630000000001e-12
8 PARP10 2 1e+06 145051319 145060635 65.2863593169919 9.99999000001e-07 rs11136344 1.04399999999999e-09
8 PLEC 20 1e+06 144989314 145050913 691.991504341867 9.99999000001e-07 rs11785060 1.69699999999999e-12
8 TRIB1 2 1e+06 126442562 126450647 76.622587713201 9.99999000001e-07 rs2385114 1.95600000000031e-12
9 ABO 15 1e+06 136130562 136150630 679.076726180353 9.99999000001e-07 rs674302 3.66999999999994e-16
17 LOC102724508 5 1e+06 45380811 45401267 120.971848916402 1.999998000002e-06 rs6504833 5.65099999999986e-09
2 DYNC2LI1 2 1e+06 44001177 44037149 54.7938034333874 1.999998000002e-06 rs1025447 2.75999999999997e-09
6 FRK 24 1e+06 116262692 116381921 623.514983412738 1.999998000002e-06 rs11153594 2.946e-09
19 ZNF229 3 1e+06 44930422 44952766 57.7264895415118 2.999997000003e-06 rs2571167 2.22500000000004e-06
8 UBXN2B 7 1e+06 59323822 59364060 168.341606877258 2.999997000003e-06 rs13277801 6.70699999999995e-09