Chr Gene nSNPs nSims Start Stop Test Pvalue TopSNP TopSNP-pvalue
10 "NKX2-3" 2 1e+06 101242689 101346280 153.750593643229 9.99999000001e-07 "rs35564340" 4.00000000000038e-28
10 "ZMIZ1" 2 1e+06 80778791 81126285 201.857430131709 9.99999000001e-07 "rs704017" 2.00000000000033e-38
12 "C12orf5" 2 1e+06 4380358 4519190 223.111550184667 9.99999000001e-07 "rs3217810" 5.00000000000019e-27
12 "CCND2" 3 1e+06 4332901 4464522 266.725391004765 9.99999000001e-07 "rs3217810" 5.00000000000019e-27
12 "PLEKHG6" 2 1e+06 6369601 6487672 113.202269333009 9.99999000001e-07 "rs10849434" 5.00000000000012e-18
14 "BMP4" 2 1e+06 54366454 54473554 173.182614333742 9.99999000001e-07 "rs35107139" 7.00000000000072e-31
14 "MIR5580" 2 1e+06 54365144 54465202 173.182614333742 9.99999000001e-07 "rs35107139" 7.00000000000072e-31
15 "FMN1_1" 2 1e+06 33007744 33536934 189.01502113733 9.99999000001e-07 "rs1919364" 9.9999999999991e-25
15 "GREM1" 2 1e+06 32960204 33076870 343.537490383086 9.99999000001e-07 "rs1554865" 9.99999999999931e-54
15 "LOC100131315" 2 1e+06 32960301 33061066 343.537490383086 9.99999000001e-07 "rs1554865" 9.99999999999931e-54
15 "SCG5" 2 1e+06 32883869 33039298 343.537490383086 9.99999000001e-07 "rs1554865" 9.99999999999931e-54
16 "LINC01081" 2 1e+06 86209185 86369853 68.6126864543091 9.99999000001e-07 "rs7206216" 4.00000000000013e-12
17 "NXN" 2 1e+06 652552 932998 122.067564900473 9.99999000001e-07 "rs4968127" 5.00000000000004e-21
20 "BMP2" 2 1e+06 6698744 6810910 180.216409500617 9.99999000001e-07 "rs4813802" 8.00000000000073e-30
20 "TOX2" 2 1e+06 42493491 42748254 69.8829950997453 9.99999000001e-07 "rs6017248" 2.00000000000005e-11
22 "SCUBE1" 2 1e+06 43549228 43789394 58.527669258222 9.99999000001e-07 "rs5751474" 1.99999999999997e-08
3 "BOC" 3 1e+06 112881374 113056305 190.779407940554 9.99999000001e-07 "rs12635946" 1.99999999999998e-16
3 "LOC101929717" 2 1e+06 112811196 112936578 135.205271937617 9.99999000001e-07 "rs12635946" 1.99999999999998e-16
3 "SLCO2A1" 2 1e+06 133601539 133798920 147.075302696525 9.99999000001e-07 "rs113569514" 2.00000000000002e-21
5 "TERT" 2 1e+06 1203286 1345162 236.112710926092 9.99999000001e-07 "rs2735940" 6.00000000000037e-36
6 "BMP5" 3 1e+06 55570237 55790375 154.376406050368 9.99999000001e-07 "rs62404966" 1.00000000000003e-15
8 "CASC21" 2 1e+06 128206881 128454876 1016.80618144916 9.99999000001e-07 "rs6983267" 1.99999999999988e-122
8 "CASC8" 2 1e+06 128251920 128544384 1016.80618144916 9.99999000001e-07 "rs6983267" 1.99999999999988e-122
8 "CCAT2" 2 1e+06 128362643 128464395 1016.80618144916 9.99999000001e-07 "rs6983267" 1.99999999999988e-122
8 "EIF3H" 3 1e+06 117607054 117818062 494.646660804032 9.99999000001e-07 "rs16892766" 1.99999999999988e-56
8 "POU5F1B" 2 1e+06 128377856 128479441 1016.80618144916 9.99999000001e-07 "rs6983267" 1.99999999999988e-122