Chr Gene nSNPs nSims Start Stop Test Pvalue TopSNP TopSNP-pvalue
10 "C10orf11" 2 1e+06 77492518 78367126 62.2696553510652 9.99999000001e-07 "rs2579762" 3.00000000000005e-10
12 "FGD6" 2 1e+06 95420524 95661240 58.527669258222 9.99999000001e-07 "rs60129850" 1.99999999999997e-08
15 "ADAMTSL3" 2 1e+06 84272837 84758593 91.3016840747242 9.99999000001e-07 "rs10152300" 4.00000000000013e-12
15 "CHRNA3" 2 1e+06 78835394 78963637 178.142985946158 9.99999000001e-07 "rs55676755" 3.00000000000032e-26
15 "CHRNA5" 2 1e+06 78807861 78937611 178.142985946158 9.99999000001e-07 "rs55676755" 3.00000000000032e-26
15 "CHRNB4" 2 1e+06 78866635 78983587 178.142985946158 9.99999000001e-07 "rs55676755" 3.00000000000032e-26
15 "THSD4" 3 1e+06 71383787 72125722 320.193768070811 9.99999000001e-07 "rs1441358" 6.99999999999986e-33
16 "MMP15" 2 1e+06 58009281 58130804 62.9907063248242 9.99999000001e-07 "rs8044657" 9.9999999999999e-09
16 "USB1" 2 1e+06 57985276 58105527 62.9907063248242 9.99999000001e-07 "rs8044657" 9.9999999999999e-09
22 "MICAL3" 2 1e+06 18220415 18557325 61.7079052216352 9.99999000001e-07 "rs9617650" 3.99999999999989e-10
3 "RARB" 2 1e+06 25165822 25689422 68.1050315391931 9.99999000001e-07 "rs1529672" 3e-11
4 "NPNT" 2 1e+06 106766596 106942828 265.122432220156 9.99999000001e-07 "rs34712979" 3.00000000000034e-46
5 "ADAM19" 3 1e+06 156854311 157052831 149.55009902861 9.99999000001e-07 "rs10866659" 9.99999999999982e-17
5 "NIPAL4" 2 1e+06 156837026 156951730 106.7295960773 9.99999000001e-07 "rs10866659" 9.99999999999982e-17
6 "GPR126" 2 1e+06 142573055 142817403 257.049995861775 9.99999000001e-07 "rs9399401" 2.00000000000037e-40