Chr Gene nSNPs nSims Start Stop Test Pvalue TopSNP TopSNP-pvalue
11 "BCL9L" 2 1e+06 118716850 118831613 93.1711995844299 9.99999000001e-07 "rs12365699" 1.00000000346628e-14
11 "C11orf30" 5 1e+06 76106068 76312589 546.546617043819 9.99999000001e-07 "rs11236797" 2.99999999999931e-47
11 "CXCR5" 2 1e+06 118704474 118816980 93.1711995844299 9.99999000001e-07 "rs12365699" 1.00000000346628e-14
11 "GUCY2EP" 2 1e+06 76341209 76482833 86.4465882656599 9.99999000001e-07 "rs3197153" 5.00000000165938e-14
11 "LRRC32" 2 1e+06 76318567 76431791 86.4465882656599 9.99999000001e-07 "rs3197153" 5.00000000165938e-14
11 "MIR4492" 2 1e+06 118731416 118831496 93.1711995844299 9.99999000001e-07 "rs12365699" 1.00000000346628e-14
11 "PRKRIR" 3 1e+06 76011003 76141880 163.402736966666 9.99999000001e-07 "rs2017759" 2.00000000000003e-15
12 "LRP1" 3 1e+06 57472281 57657125 211.169746772846 9.99999000001e-07 "rs3122929" 3.99999999999937e-25
12 "NAB2" 3 1e+06 57432676 57539259 211.169746772846 9.99999000001e-07 "rs3122929" 3.99999999999937e-25
12 "SPPL3" 2 1e+06 121150312 121392155 101.69178918998 9.99999000001e-07 "rs11065286" 2.0000000000103e-13
12 "STAT6" 3 1e+06 57439186 57555196 211.169746772846 9.99999000001e-07 "rs3122929" 3.99999999999937e-25
12 "TMEM194A" 2 1e+06 57399425 57522574 168.911939353617 9.99999000001e-07 "rs3122929" 3.99999999999937e-25
15 "AAGAB" 4 1e+06 67443012 67597536 274.775160392655 9.99999000001e-07 "rs56062135" 2.99999999999961e-33
15 "SMAD3" 5 1e+06 67308194 67537533 310.74884938193 9.99999000001e-07 "rs56062135" 2.99999999999961e-33
16 "CLEC16A" 4 1e+06 10988344 11326046 193.72619834184 9.99999000001e-07 "rs36045143" 3.00000000000005e-20
16 "FLJ21408" 2 1e+06 27229525 27351789 96.3856453713097 9.99999000001e-07 "rs3785356" 4.00000000000004e-16
16 "IL4R" 3 1e+06 27275229 27426099 131.009376807988 9.99999000001e-07 "rs3785356" 4.00000000000004e-16
17 "CACNB1" 2 1e+06 37279708 37403956 74.8844254040397 9.99999000001e-07 "rs140907835" 3e-11
17 "CSF3" 5 1e+06 38121613 38224066 417.616967949577 9.99999000001e-07 "rs2302776" 2.9999999999999e-30
17 "ERBB2" 2 1e+06 37794336 37934915 139.079375857566 9.99999000001e-07 "rs3764354" 2.00000000000004e-22
17 "FBXL20" 4 1e+06 37358896 37607909 259.607715040166 9.99999000001e-07 "rs145835664" 8.00000000000026e-23
17 "GRB7" 2 1e+06 37844161 37953538 125.609992137089 9.99999000001e-07 "rs3764354" 2.00000000000004e-22
17 "GSDMA" 7 1e+06 38069225 38184019 495.145926014792 9.99999000001e-07 "rs2302776" 2.9999999999999e-30
17 "GSDMB" 6 1e+06 38010847 38124903 891.419898115834 9.99999000001e-07 "rs11651596" 1.99999999999993e-124
17 "IKZF3" 6 1e+06 37863967 38070441 978.663261671417 9.99999000001e-07 "rs11651596" 1.99999999999993e-124
17 "LRRC3C" 7 1e+06 38047726 38150987 927.393587105109 9.99999000001e-07 "rs11651596" 1.99999999999993e-124
17 "MED1" 2 1e+06 37510537 37657527 188.433536121786 9.99999000001e-07 "rs145835664" 8.00000000000026e-23
17 "MED24" 4 1e+06 38125349 38260889 339.706733993435 9.99999000001e-07 "rs2302776" 2.9999999999999e-30
17 "MIR6884" 4 1e+06 38132584 38232662 339.706733993435 9.99999000001e-07 "rs2302776" 2.9999999999999e-30
17 "MSL1" 2 1e+06 38228789 38343045 116.321427896188 9.99999000001e-07 "rs35142265" 2.00000000000003e-17
17 "NR1D1" 2 1e+06 38199036 38306978 116.321427896188 9.99999000001e-07 "rs35142265" 2.00000000000003e-17
17 "ORMDL3" 6 1e+06 38027295 38133884 891.419898115834 9.99999000001e-07 "rs11651596" 1.99999999999993e-124
17 "PNMT" 2 1e+06 37774233 37876728 73.8936900520214 9.99999000001e-07 "rs3152" 3e-11
17 "PPP1R1B" 2 1e+06 37733176 37842878 73.8936900520214 9.99999000001e-07 "rs3152" 3e-11
17 "PSMD3" 6 1e+06 38087020 38204213 461.793872511835 9.99999000001e-07 "rs2302776" 2.9999999999999e-30
17 "SNORD124" 4 1e+06 38133795 38233898 339.706733993435 9.99999000001e-07 "rs2302776" 2.9999999999999e-30
17 "STARD3" 2 1e+06 37743332 37870454 73.8936900520214 9.99999000001e-07 "rs3152" 3e-11
17 "TCAP" 2 1e+06 37771598 37872807 73.8936900520214 9.99999000001e-07 "rs3152" 3e-11
17 "THRA" 4 1e+06 38168445 38300120 375.877568338089 9.99999000001e-07 "rs2302776" 2.9999999999999e-30
17 "ZPBP2" 5 1e+06 37974454 38084149 886.099356481325 9.99999000001e-07 "rs11651596" 1.99999999999993e-124
18 "POLI" 2 1e+06 51745848 51874604 70.3821335331382 9.99999000001e-07 "rs1893958" 3.00000000000005e-10
18 "STARD6" 2 1e+06 51801061 51930943 70.3821335331382 9.99999000001e-07 "rs1893958" 3.00000000000005e-10
1 "C2CD4D" 4 1e+06 151760338 151863033 306.639956440318 9.99999000001e-07 "rs55875222" 5.00000000000065e-25
1 "CRCT1" 2 1e+06 152436977 152538481 156.038226530787 9.99999000001e-07 "rs12144049" 1.99999999999968e-27
1 "HRNR" 3 1e+06 152134551 152246672 340.386344788791 9.99999000001e-07 "rs12123821" 4.00000000000049e-55
1 "LCE5A" 2 1e+06 152433319 152534653 156.038226530787 9.99999000001e-07 "rs12144049" 1.99999999999968e-27
1 "LINGO4" 4 1e+06 151722764 151827882 306.639956440318 9.99999000001e-07 "rs55875222" 5.00000000000065e-25
1 "LOC100132111" 4 1e+06 151760944 151866641 306.639956440318 9.99999000001e-07 "rs55875222" 5.00000000000065e-25
1 "OAZ3" 2 1e+06 151685444 151793806 181.290698586098 9.99999000001e-07 "rs55875222" 5.00000000000065e-25
1 "RORC" 4 1e+06 151728546 151854348 306.639956440318 9.99999000001e-07 "rs55875222" 5.00000000000065e-25
1 "RPTN" 3 1e+06 152076070 152181704 340.386344788791 9.99999000001e-07 "rs12123821" 4.00000000000049e-55
1 "TDRKH" 4 1e+06 151694040 151813010 306.639956440318 9.99999000001e-07 "rs55875222" 5.00000000000065e-25
1 "THEM4" 2 1e+06 151793342 151932361 125.34925785422 9.99999000001e-07 "rs71625139" 3.0000000000001e-17
1 "THEM5" 3 1e+06 151769576 151876173 199.870147813456 9.99999000001e-07 "rs3828058" 5.99999999999987e-18
2 "D2HGDH" 3 1e+06 242623993 242758231 232.026742804743 9.99999000001e-07 "rs34290285" 1.9999999999997e-34
2 "GAL3ST2" 3 1e+06 242666239 242793702 232.026742804743 9.99999000001e-07 "rs34290285" 1.9999999999997e-34
2 "IL18R1" 2 1e+06 102922742 103065235 387.854535949505 9.99999000001e-07 "rs72823641" 7.00000000000019e-60
2 "IL1R1" 3 1e+06 102636835 102846334 177.000951714084 9.99999000001e-07 "rs2302621" 9.99999999999992e-20
2 "IL1RL1" 2 1e+06 102877961 103018497 387.854535949505 9.99999000001e-07 "rs72823641" 7.00000000000019e-60
2 "ING5" 3 1e+06 242591455 242718896 232.026742804743 9.99999000001e-07 "rs34290285" 1.9999999999997e-34
2 "SLC9A2" 2 1e+06 103186165 103377809 104.055658809475 9.99999000001e-07 "rs17775170" 1.00000000015396e-13
2 "SLC9A4" 2 1e+06 103039761 103200431 104.563405591775 9.99999000001e-07 "rs72825990" 3.00000000000006e-16
3 "GLB1" 2 1e+06 32988099 33188694 99.778072526704 9.99999000001e-07 "rs9828592" 8.99999999999999e-15
3 "LPP" 2 1e+06 187821662 188658460 154.991609789437 9.99999000001e-07 "rs13099273" 9.99999999999968e-27
4 "TLR10" 3 1e+06 38723859 38834611 149.988716293514 9.99999000001e-07 "rs4833103" 1.99999999999999e-18
4 "TLR1" 3 1e+06 38747875 38856412 149.988716293514 9.99999000001e-07 "rs4833103" 1.99999999999999e-18
4 "TLR6" 3 1e+06 38775328 38908438 149.988716293514 9.99999000001e-07 "rs4833103" 1.99999999999999e-18
5 "C5orf56" 2 1e+06 131696464 131861736 100.38985864086 9.99999000001e-07 "rs7713065" 2.00000000000003e-15
5 "CAMK4" 3 1e+06 110509946 110870748 139.235268551012 9.99999000001e-07 "rs2162893" 3.99999999999999e-17
5 "CCNI2" 2 1e+06 132033136 132140095 77.7915511279611 9.99999000001e-07 "rs9327638" 2.00000000000006e-10
5 "IL13" 4 1e+06 131943864 132046801 264.905628239046 9.99999000001e-07 "rs6894017" 3.00000000000041e-27
5 "IL4" 2 1e+06 131959677 132068370 117.285501903706 9.99999000001e-07 "rs17510339" 1.99999999999997e-20
5 "IRF1" 2 1e+06 131767300 131876465 100.38985864086 9.99999000001e-07 "rs7713065" 2.00000000000003e-15
5 "KIF3A" 4 1e+06 131978322 132123265 195.077053031667 9.99999000001e-07 "rs17510339" 1.99999999999997e-20
5 "RAD50" 4 1e+06 131842615 132030313 264.905628239046 9.99999000001e-07 "rs6894017" 3.00000000000041e-27
5 "SEPT8" 2 1e+06 132036508 132163561 77.7915511279611 9.99999000001e-07 "rs9327638" 2.00000000000006e-10
5 "TSLP" 4 1e+06 110355777 110463722 259.2816035554 9.99999000001e-07 "rs1837253" 3.00000000000036e-35
5 "WDR36" 5 1e+06 110377869 110516200 292.122856916637 9.99999000001e-07 "rs1837253" 3.00000000000036e-35
6 "AIF1" 2 1e+06 31532993 31634798 76.4779291200457 9.99999000001e-07 "rs1799964" 1.00000000000002e-11
6 "ATG5" 2 1e+06 106582351 106823695 71.9473779785508 9.99999000001e-07 "rs35342892" 2.00000000000001e-09
6 "ATP6V1G2" 4 1e+06 31462227 31564625 154.269480248007 9.99999000001e-07 "rs1799964" 1.00000000000002e-11
6 "ATP6V1G2-DDX39B" 4 1e+06 31447995 31564625 154.269480248007 9.99999000001e-07 "rs1799964" 1.00000000000002e-11
6 "BACH2" 2 1e+06 90586246 91056627 95.4499688426109 9.99999000001e-07 "rs6908626" 4.9999999999999e-15
6 "DDX39B" 4 1e+06 31447995 31560252 154.269480248007 9.99999000001e-07 "rs1799964" 1.00000000000002e-11
6 "HCG26" 2 1e+06 31389005 31490185 77.7915511279611 9.99999000001e-07 "rs2855812" 2.00000000000006e-10
6 "HCP5" 2 1e+06 31380956 31483586 77.7915511279611 9.99999000001e-07 "rs2855812" 2.00000000000006e-10
6 "HLA-DQA1" 2 1e+06 32555182 32661429 185.894934272439 9.99999000001e-07 "rs9270911" 9.9999999999989e-28
6 "LST1" 2 1e+06 31503955 31606686 76.4779291200457 9.99999000001e-07 "rs1799964" 1.00000000000002e-11
6 "LTA" 2 1e+06 31489875 31592100 76.4779291200457 9.99999000001e-07 "rs1799964" 1.00000000000002e-11
6 "LTB" 2 1e+06 31498335 31600202 76.4779291200457 9.99999000001e-07 "rs1799964" 1.00000000000002e-11
6 "MCCD1" 4 1e+06 31446738 31548008 154.269480248007 9.99999000001e-07 "rs1799964" 1.00000000000002e-11
6 "MICB" 2 1e+06 31412657 31528901 77.7915511279611 9.99999000001e-07 "rs2855812" 2.00000000000006e-10
6 "NCR3" 2 1e+06 31506659 31610762 76.4779291200457 9.99999000001e-07 "rs1799964" 1.00000000000002e-11
6 "NFKBIL1" 4 1e+06 31464627 31576606 154.269480248007 9.99999000001e-07 "rs1799964" 1.00000000000002e-11
6 "PRRC2A" 2 1e+06 31538449 31655554 76.4779291200457 9.99999000001e-07 "rs1799964" 1.00000000000002e-11
6 "SNORA38" 2 1e+06 31540855 31640987 76.4779291200457 9.99999000001e-07 "rs1799964" 1.00000000000002e-11
6 "SNORD117" 4 1e+06 31454150 31554226 154.269480248007 9.99999000001e-07 "rs1799964" 1.00000000000002e-11
6 "SNORD84" 4 1e+06 31458877 31558955 154.269480248007 9.99999000001e-07 "rs1799964" 1.00000000000002e-11
6 "TNF" 2 1e+06 31493343 31596112 76.4779291200457 9.99999000001e-07 "rs1799964" 1.00000000000002e-11
7 "ITGB8" 3 1e+06 20320724 20505382 106.591125541644 9.99999000001e-07 "rs3757727" 9.99999999999997e-11
7 "LOC101927811" 2 1e+06 20317923 20421385 75.096567577025 9.99999000001e-07 "rs3757727" 9.99999999999997e-11
8 "MIR1204" 2 1e+06 128758207 128858274 91.9136602966062 9.99999000001e-07 "rs13279820" 5.00000000165938e-14
9 "IL33" 6 1e+06 6165785 6307983 606.482429496922 9.99999000001e-07 "rs928412" 2.99999999999985e-59Chr Gene nSNPs nSims Start Stop Test Pvalue TopSNP TopSNP-pvalue
11 "BCL9L" 2 1e+06 118716850 118831613 93.1711995844299 9.99999000001e-07 "rs12365699" 1.00000000346628e-14
11 "C11orf30" 5 1e+06 76106068 76312589 546.546617043819 9.99999000001e-07 "rs11236797" 2.99999999999931e-47
11 "CXCR5" 2 1e+06 118704474 118816980 93.1711995844299 9.99999000001e-07 "rs12365699" 1.00000000346628e-14
11 "GUCY2EP" 2 1e+06 76341209 76482833 86.4465882656599 9.99999000001e-07 "rs3197153" 5.00000000165938e-14
11 "LRRC32" 2 1e+06 76318567 76431791 86.4465882656599 9.99999000001e-07 "rs3197153" 5.00000000165938e-14
11 "MIR4492" 2 1e+06 118731416 118831496 93.1711995844299 9.99999000001e-07 "rs12365699" 1.00000000346628e-14
11 "PRKRIR" 3 1e+06 76011003 76141880 163.402736966666 9.99999000001e-07 "rs2017759" 2.00000000000003e-15
12 "LRP1" 3 1e+06 57472281 57657125 211.169746772846 9.99999000001e-07 "rs3122929" 3.99999999999937e-25
12 "NAB2" 3 1e+06 57432676 57539259 211.169746772846 9.99999000001e-07 "rs3122929" 3.99999999999937e-25
12 "SPPL3" 2 1e+06 121150312 121392155 101.69178918998 9.99999000001e-07 "rs11065286" 2.0000000000103e-13
12 "STAT6" 3 1e+06 57439186 57555196 211.169746772846 9.99999000001e-07 "rs3122929" 3.99999999999937e-25
12 "TMEM194A" 2 1e+06 57399425 57522574 168.911939353617 9.99999000001e-07 "rs3122929" 3.99999999999937e-25
15 "AAGAB" 4 1e+06 67443012 67597536 274.775160392655 9.99999000001e-07 "rs56062135" 2.99999999999961e-33
15 "SMAD3" 5 1e+06 67308194 67537533 310.74884938193 9.99999000001e-07 "rs56062135" 2.99999999999961e-33
16 "CLEC16A" 4 1e+06 10988344 11326046 193.72619834184 9.99999000001e-07 "rs36045143" 3.00000000000005e-20
16 "FLJ21408" 2 1e+06 27229525 27351789 96.3856453713097 9.99999000001e-07 "rs3785356" 4.00000000000004e-16
16 "IL4R" 3 1e+06 27275229 27426099 131.009376807988 9.99999000001e-07 "rs3785356" 4.00000000000004e-16
17 "CACNB1" 2 1e+06 37279708 37403956 74.8844254040397 9.99999000001e-07 "rs140907835" 3e-11
17 "CSF3" 5 1e+06 38121613 38224066 417.616967949577 9.99999000001e-07 "rs2302776" 2.9999999999999e-30
17 "ERBB2" 2 1e+06 37794336 37934915 139.079375857566 9.99999000001e-07 "rs3764354" 2.00000000000004e-22
17 "FBXL20" 4 1e+06 37358896 37607909 259.607715040166 9.99999000001e-07 "rs145835664" 8.00000000000026e-23
17 "GRB7" 2 1e+06 37844161 37953538 125.609992137089 9.99999000001e-07 "rs3764354" 2.00000000000004e-22
17 "GSDMA" 7 1e+06 38069225 38184019 495.145926014792 9.99999000001e-07 "rs2302776" 2.9999999999999e-30
17 "GSDMB" 6 1e+06 38010847 38124903 891.419898115834 9.99999000001e-07 "rs11651596" 1.99999999999993e-124
17 "IKZF3" 6 1e+06 37863967 38070441 978.663261671417 9.99999000001e-07 "rs11651596" 1.99999999999993e-124
17 "LRRC3C" 7 1e+06 38047726 38150987 927.393587105109 9.99999000001e-07 "rs11651596" 1.99999999999993e-124
17 "MED1" 2 1e+06 37510537 37657527 188.433536121786 9.99999000001e-07 "rs145835664" 8.00000000000026e-23
17 "MED24" 4 1e+06 38125349 38260889 339.706733993435 9.99999000001e-07 "rs2302776" 2.9999999999999e-30
17 "MIR6884" 4 1e+06 38132584 38232662 339.706733993435 9.99999000001e-07 "rs2302776" 2.9999999999999e-30
17 "MSL1" 2 1e+06 38228789 38343045 116.321427896188 9.99999000001e-07 "rs35142265" 2.00000000000003e-17
17 "NR1D1" 2 1e+06 38199036 38306978 116.321427896188 9.99999000001e-07 "rs35142265" 2.00000000000003e-17
17 "ORMDL3" 6 1e+06 38027295 38133884 891.419898115834 9.99999000001e-07 "rs11651596" 1.99999999999993e-124
17 "PNMT" 2 1e+06 37774233 37876728 73.8936900520214 9.99999000001e-07 "rs3152" 3e-11
17 "PPP1R1B" 2 1e+06 37733176 37842878 73.8936900520214 9.99999000001e-07 "rs3152" 3e-11
17 "PSMD3" 6 1e+06 38087020 38204213 461.793872511835 9.99999000001e-07 "rs2302776" 2.9999999999999e-30
17 "SNORD124" 4 1e+06 38133795 38233898 339.706733993435 9.99999000001e-07 "rs2302776" 2.9999999999999e-30
17 "STARD3" 2 1e+06 37743332 37870454 73.8936900520214 9.99999000001e-07 "rs3152" 3e-11
17 "TCAP" 2 1e+06 37771598 37872807 73.8936900520214 9.99999000001e-07 "rs3152" 3e-11
17 "THRA" 4 1e+06 38168445 38300120 375.877568338089 9.99999000001e-07 "rs2302776" 2.9999999999999e-30
17 "ZPBP2" 5 1e+06 37974454 38084149 886.099356481325 9.99999000001e-07 "rs11651596" 1.99999999999993e-124
18 "POLI" 2 1e+06 51745848 51874604 70.3821335331382 9.99999000001e-07 "rs1893958" 3.00000000000005e-10
18 "STARD6" 2 1e+06 51801061 51930943 70.3821335331382 9.99999000001e-07 "rs1893958" 3.00000000000005e-10
1 "C2CD4D" 4 1e+06 151760338 151863033 306.639956440318 9.99999000001e-07 "rs55875222" 5.00000000000065e-25
1 "CRCT1" 2 1e+06 152436977 152538481 156.038226530787 9.99999000001e-07 "rs12144049" 1.99999999999968e-27
1 "HRNR" 3 1e+06 152134551 152246672 340.386344788791 9.99999000001e-07 "rs12123821" 4.00000000000049e-55
1 "LCE5A" 2 1e+06 152433319 152534653 156.038226530787 9.99999000001e-07 "rs12144049" 1.99999999999968e-27
1 "LINGO4" 4 1e+06 151722764 151827882 306.639956440318 9.99999000001e-07 "rs55875222" 5.00000000000065e-25
1 "LOC100132111" 4 1e+06 151760944 151866641 306.639956440318 9.99999000001e-07 "rs55875222" 5.00000000000065e-25
1 "OAZ3" 2 1e+06 151685444 151793806 181.290698586098 9.99999000001e-07 "rs55875222" 5.00000000000065e-25
1 "RORC" 4 1e+06 151728546 151854348 306.639956440318 9.99999000001e-07 "rs55875222" 5.00000000000065e-25
1 "RPTN" 3 1e+06 152076070 152181704 340.386344788791 9.99999000001e-07 "rs12123821" 4.00000000000049e-55
1 "TDRKH" 4 1e+06 151694040 151813010 306.639956440318 9.99999000001e-07 "rs55875222" 5.00000000000065e-25
1 "THEM4" 2 1e+06 151793342 151932361 125.34925785422 9.99999000001e-07 "rs71625139" 3.0000000000001e-17
1 "THEM5" 3 1e+06 151769576 151876173 199.870147813456 9.99999000001e-07 "rs3828058" 5.99999999999987e-18
2 "D2HGDH" 3 1e+06 242623993 242758231 232.026742804743 9.99999000001e-07 "rs34290285" 1.9999999999997e-34
2 "GAL3ST2" 3 1e+06 242666239 242793702 232.026742804743 9.99999000001e-07 "rs34290285" 1.9999999999997e-34
2 "IL18R1" 2 1e+06 102922742 103065235 387.854535949505 9.99999000001e-07 "rs72823641" 7.00000000000019e-60
2 "IL1R1" 3 1e+06 102636835 102846334 177.000951714084 9.99999000001e-07 "rs2302621" 9.99999999999992e-20
2 "IL1RL1" 2 1e+06 102877961 103018497 387.854535949505 9.99999000001e-07 "rs72823641" 7.00000000000019e-60
2 "ING5" 3 1e+06 242591455 242718896 232.026742804743 9.99999000001e-07 "rs34290285" 1.9999999999997e-34
2 "SLC9A2" 2 1e+06 103186165 103377809 104.055658809475 9.99999000001e-07 "rs17775170" 1.00000000015396e-13
2 "SLC9A4" 2 1e+06 103039761 103200431 104.563405591775 9.99999000001e-07 "rs72825990" 3.00000000000006e-16
3 "GLB1" 2 1e+06 32988099 33188694 99.778072526704 9.99999000001e-07 "rs9828592" 8.99999999999999e-15
3 "LPP" 2 1e+06 187821662 188658460 154.991609789437 9.99999000001e-07 "rs13099273" 9.99999999999968e-27
4 "TLR10" 3 1e+06 38723859 38834611 149.988716293514 9.99999000001e-07 "rs4833103" 1.99999999999999e-18
4 "TLR1" 3 1e+06 38747875 38856412 149.988716293514 9.99999000001e-07 "rs4833103" 1.99999999999999e-18
4 "TLR6" 3 1e+06 38775328 38908438 149.988716293514 9.99999000001e-07 "rs4833103" 1.99999999999999e-18
5 "C5orf56" 2 1e+06 131696464 131861736 100.38985864086 9.99999000001e-07 "rs7713065" 2.00000000000003e-15
5 "CAMK4" 3 1e+06 110509946 110870748 139.235268551012 9.99999000001e-07 "rs2162893" 3.99999999999999e-17
5 "CCNI2" 2 1e+06 132033136 132140095 77.7915511279611 9.99999000001e-07 "rs9327638" 2.00000000000006e-10
5 "IL13" 4 1e+06 131943864 132046801 264.905628239046 9.99999000001e-07 "rs6894017" 3.00000000000041e-27
5 "IL4" 2 1e+06 131959677 132068370 117.285501903706 9.99999000001e-07 "rs17510339" 1.99999999999997e-20
5 "IRF1" 2 1e+06 131767300 131876465 100.38985864086 9.99999000001e-07 "rs7713065" 2.00000000000003e-15
5 "KIF3A" 4 1e+06 131978322 132123265 195.077053031667 9.99999000001e-07 "rs17510339" 1.99999999999997e-20
5 "RAD50" 4 1e+06 131842615 132030313 264.905628239046 9.99999000001e-07 "rs6894017" 3.00000000000041e-27
5 "SEPT8" 2 1e+06 132036508 132163561 77.7915511279611 9.99999000001e-07 "rs9327638" 2.00000000000006e-10
5 "TSLP" 4 1e+06 110355777 110463722 259.2816035554 9.99999000001e-07 "rs1837253" 3.00000000000036e-35
5 "WDR36" 5 1e+06 110377869 110516200 292.122856916637 9.99999000001e-07 "rs1837253" 3.00000000000036e-35
6 "AIF1" 2 1e+06 31532993 31634798 76.4779291200457 9.99999000001e-07 "rs1799964" 1.00000000000002e-11
6 "ATG5" 2 1e+06 106582351 106823695 71.9473779785508 9.99999000001e-07 "rs35342892" 2.00000000000001e-09
6 "ATP6V1G2" 4 1e+06 31462227 31564625 154.269480248007 9.99999000001e-07 "rs1799964" 1.00000000000002e-11
6 "ATP6V1G2-DDX39B" 4 1e+06 31447995 31564625 154.269480248007 9.99999000001e-07 "rs1799964" 1.00000000000002e-11
6 "BACH2" 2 1e+06 90586246 91056627 95.4499688426109 9.99999000001e-07 "rs6908626" 4.9999999999999e-15
6 "DDX39B" 4 1e+06 31447995 31560252 154.269480248007 9.99999000001e-07 "rs1799964" 1.00000000000002e-11
6 "HCG26" 2 1e+06 31389005 31490185 77.7915511279611 9.99999000001e-07 "rs2855812" 2.00000000000006e-10
6 "HCP5" 2 1e+06 31380956 31483586 77.7915511279611 9.99999000001e-07 "rs2855812" 2.00000000000006e-10
6 "HLA-DQA1" 2 1e+06 32555182 32661429 185.894934272439 9.99999000001e-07 "rs9270911" 9.9999999999989e-28
6 "LST1" 2 1e+06 31503955 31606686 76.4779291200457 9.99999000001e-07 "rs1799964" 1.00000000000002e-11
6 "LTA" 2 1e+06 31489875 31592100 76.4779291200457 9.99999000001e-07 "rs1799964" 1.00000000000002e-11
6 "LTB" 2 1e+06 31498335 31600202 76.4779291200457 9.99999000001e-07 "rs1799964" 1.00000000000002e-11
6 "MCCD1" 4 1e+06 31446738 31548008 154.269480248007 9.99999000001e-07 "rs1799964" 1.00000000000002e-11
6 "MICB" 2 1e+06 31412657 31528901 77.7915511279611 9.99999000001e-07 "rs2855812" 2.00000000000006e-10
6 "NCR3" 2 1e+06 31506659 31610762 76.4779291200457 9.99999000001e-07 "rs1799964" 1.00000000000002e-11
6 "NFKBIL1" 4 1e+06 31464627 31576606 154.269480248007 9.99999000001e-07 "rs1799964" 1.00000000000002e-11
6 "PRRC2A" 2 1e+06 31538449 31655554 76.4779291200457 9.99999000001e-07 "rs1799964" 1.00000000000002e-11
6 "SNORA38" 2 1e+06 31540855 31640987 76.4779291200457 9.99999000001e-07 "rs1799964" 1.00000000000002e-11
6 "SNORD117" 4 1e+06 31454150 31554226 154.269480248007 9.99999000001e-07 "rs1799964" 1.00000000000002e-11
6 "SNORD84" 4 1e+06 31458877 31558955 154.269480248007 9.99999000001e-07 "rs1799964" 1.00000000000002e-11
6 "TNF" 2 1e+06 31493343 31596112 76.4779291200457 9.99999000001e-07 "rs1799964" 1.00000000000002e-11
7 "ITGB8" 3 1e+06 20320724 20505382 106.591125541644 9.99999000001e-07 "rs3757727" 9.99999999999997e-11
7 "LOC101927811" 2 1e+06 20317923 20421385 75.096567577025 9.99999000001e-07 "rs3757727" 9.99999999999997e-11
8 "MIR1204" 2 1e+06 128758207 128858274 91.9136602966062 9.99999000001e-07 "rs13279820" 5.00000000165938e-14
9 "IL33" 6 1e+06 6165785 6307983 606.482429496922 9.99999000001e-07 "rs928412" 2.99999999999985e-59